[gd_scene load_steps=7 format=3 uid="uid://chxfmtr0v47ya"]

[ext_resource type="Environment" uid="uid://cu7y41mjsa5su" path="res://weapons/enviroment_ui_3d.tres" id="1_6owxr"]
[ext_resource type="Script" uid="uid://cg7gwkwa5dvb5" path="res://weapons/render_3d_into_2d_sprites.gd" id="2_u705a"]
[ext_resource type="Script" uid="uid://bgm61vl6hmwwn" path="res://rotate_child.gd" id="3_w1g8r"]
[ext_resource type="PackedScene" uid="uid://do67apipqrr50" path="res://weapons/pulse_emitter/model.tscn" id="4_qkkj1"]
[ext_resource type="PackedScene" uid="uid://ocwudwcchh8s" path="res://weapons/mushroom_shotgun/shotgun_model.tscn" id="5_gge5d"]

[sub_resource type="World3D" id="World3D_15haq"]
environment = ExtResource("1_6owxr")

[node name="SubViewport" type="SubViewport" node_paths=PackedStringArray("anchor_rotate_node", "model")]
world_3d = SubResource("World3D_15haq")
transparent_bg = true
handle_input_locally = false
msaa_3d = 2
size = Vector2i(256, 256)
script = ExtResource("2_u705a")
anchor_rotate_node = NodePath("Camera3D/RotateChild/Anchor")
model = NodePath("Camera3D/RotateChild/Anchor/Anchor")

[node name="Camera3D" type="Camera3D" parent="."]
process_mode = 4
transform = Transform3D(1, 0, 0, 0, 0.981985, 0.188958, 0, -0.188958, 0.981985, 0, 10.5782, 64.7122)
keep_aspect = 0
projection = 1
current = true
fov = 38.0
size = 5.0

[node name="RotateChild" type="Node3D" parent="Camera3D"]
process_mode = 2
transform = Transform3D(1, 0, 0, 0, 0.981985, -0.188958, 0, 0.188958, 0.981985, 0, 0.369393, -65.8283)
script = ExtResource("3_w1g8r")
rotation_duration = 12.0

[node name="Anchor" type="Node3D" parent="Camera3D/RotateChild"]
process_mode = 4
transform = Transform3D(0.99518496, 0, -0.09801727, 0, 1, 0, 0.09801727, 0, 0.99518496, 0.042, -0.34, 0)

[node name="Arma tecnologica circulos energia" parent="Camera3D/RotateChild/Anchor" instance=ExtResource("4_qkkj1")]
process_mode = 4
transform = Transform3D(0.077179, 0, -0.0635878, 0, 0.1, 0, 0.0635878, 0, 0.077179, -0.990505, 0, 0.86735)
visible = false

[node name="Anchor" type="Node3D" parent="Camera3D/RotateChild/Anchor"]
process_mode = 4
transform = Transform3D(1.5435796, 0, -1.2717556, 0, 2, 0, 1.2717557, 0, 1.5435796, 0.8145624, 0, 0.6895662)

[node name="Espingarda orgãnica" parent="Camera3D/RotateChild/Anchor/Anchor" instance=ExtResource("5_gge5d")]
transform = Transform3D(0.035, 0, 0, 0, 0.035, 0, 0, 0, 0.035, -1.4618378, 0, 0.021027118)

[node name="DirectionalLight3D" type="DirectionalLight3D" parent="."]
process_mode = 4
transform = Transform3D(1, 0, 0, 0, 1, 0, 0, 0, 1, 0, 23.5805, 0)
light_color = Color(0.317375, 0.573685, 0.595887, 1)

[node name="OmniLight3D" type="OmniLight3D" parent="."]
process_mode = 4
transform = Transform3D(1, 0, 0, 0, 1, 0, 0, 0, 1, -3.67129, -1.31261, -11.1881)
light_color = Color(4.81308e-06, 0.876828, 0.781745, 1)
light_energy = 10.0
omni_range = 18.8509
