[gd_scene load_steps=5 format=3 uid="uid://cj02uiptxm4cm"]

[ext_resource type="Script" uid="uid://bgm61vl6hmwwn" path="res://rotate_child.gd" id="1_b2sw7"]
[ext_resource type="World3D" uid="uid://b1vkvr04jb1j5" path="res://weapons/3d_world_weapons_ui.tres" id="1_j8mwu"]
[ext_resource type="PackedScene" uid="uid://u0882witysp7" path="res://weapons/smg_tech/smg_tech_model.tscn" id="2_j8mwu"]

[sub_resource type="ViewportTexture" id="ViewportTexture_b2sw7"]
viewport_path = NodePath("SubViewport")

[node name="UI_Tech" type="MarginContainer"]
offset_right = 40.0
offset_bottom = 40.0

[node name="TextureRect" type="TextureRect" parent="."]
layout_mode = 2
texture = SubResource("ViewportTexture_b2sw7")
expand_mode = 1
stretch_mode = 5

[node name="SubViewport" type="SubViewport" parent="."]
world_3d = ExtResource("1_j8mwu")
transparent_bg = true
msaa_3d = 2

[node name="Camera3D" type="Camera3D" parent="SubViewport"]
process_mode = 3
transform = Transform3D(1, 0, 0, 0, 0.981985, 0.188958, 0, -0.188958, 0.981985, 0, 10.5782, 64.7122)
keep_aspect = 0
projection = 1
current = true
fov = 38.0
size = 46.0

[node name="RotateChild" type="Node3D" parent="SubViewport/Camera3D"]
process_mode = 3
transform = Transform3D(1, 0, 0, 0, 0.981985, -0.188958, 0, 0.188958, 0.981985, 0, 0.369393, -65.8283)
script = ExtResource("1_b2sw7")
rotation_duration = 12.0

[node name="Anchor" type="Node3D" parent="SubViewport/Camera3D/RotateChild"]
process_mode = 3
transform = Transform3D(0.964865, 0, -0.262744, 0, 1, 0, 0.262744, 0, 0.964865, 0, 0, 0)

[node name="smgTecnologica" parent="SubViewport/Camera3D/RotateChild/Anchor" instance=ExtResource("2_j8mwu")]
transform = Transform3D(50, 0, 0, 0, 50, 0, 0, 0, 50, 15.4679, -5.91802, 0.0618918)

[node name="OmniLight3D" type="OmniLight3D" parent="SubViewport/Camera3D/RotateChild/Anchor/smgTecnologica"]
process_mode = 3
transform = Transform3D(0.0192973, 0, 0.00525488, 0, 0.02, 0, -0.00525488, 0, 0.0192973, -0.0649193, 0.199523, 0.0841802)
light_color = Color(4.81308e-06, 0.876828, 0.781745, 1)
light_energy = 2.0
omni_range = 6.26089

[node name="DirectionalLight3D2" type="DirectionalLight3D" parent="SubViewport"]
process_mode = 4
transform = Transform3D(1, 0, 0, 0, 1, 0, 0, 0, 1, 0, 23.5805, 0)
light_color = Color(0.317375, 0.573685, 0.595887, 1)
